SERIES:
('a0215', 
[
[
[-0.1, -0.04, 0.49, 1.52, 3.04, 5.09, 7.66, 10.7, 13.84, 16.99, 20.29, 23.41, 26.64, 29.83, 33.04, 36.24, 39.44, 42.64, 45.84, 49.04, 52.24, 55.44, 58.64, 61.84, 65.04, 68.24, 71.44, 74.64, 77.84, 81.04, 84.25, 87.45, 90.64, 93.84, 97.04, 100.24, 103.45, 106.64, 109.84, 113.04, 116.25, 119.45, 122.64, 125.84, 129.05, 132.24, 135.44, 138.65, 141.84, 145.04, 148.25, 151.45, 154.64, 157.84, 160.81, 163.28, 165.29, 166.8, 167.79, 168.28, 168.39, 168.43, 168.52, 168.65, 168.81, 168.97, 169.13, 169.29, 169.45, 169.61, 169.77, 169.93, 170.09, 170.25, 170.41, 170.57, 170.73, 170.89, 170.91, 170.91, 170.48, 169.6, 169.13, 168.99, 168.91, 168.9, 168.9, 169.05, 169.2, 169.37, 169.54, 169.7, 169.86, 170.02, 170.19, 170.35, 170.51, 170.67, 170.83, 170.99, 171.15, 171.31, 171.47, 171.62, 171.78, 171.94, 172.1, 172.27, 172.43, 172.59, 172.75, 172.91, 173.07, 173.23, 173.39, 173.55, 173.71, 173.87, 174.03, 174.19, 174.35, 174.51, 174.67, 174.83, 174.99, 175.15, 175.31, 175.47, 175.63, 175.79, 175.95, 176.01, 176.01, 175.95, 175.42, 174.4, 172.87, 170.82, 168.26, 165.22, 162.07, 158.9, 155.65, 152.47, 149.25, 146.06, 142.86, 139.65, 133.26, 130.06, 126.85, 123.66, 120.45, 117.25, 114.06, 110.86, 107.65, 101.25, 94.85, 91.65, 88.45, 85.25, 82.06, 78.85, 75.65, 72.45, 69.25, 66.05, 62.85, 59.65, 56.45, 53.25, 50.05, 42.79, 41.35, 40.42, 39.99, 39.9, 39.88], 
[0.02, 0.2, 0.18, 0.18, 0.23, 0.16, 0.18, 0.2, 0.2, 0.13, 0.09, 0.11, 0.16, 0.13, 0.18, 0.16, 0.16, 0.16, 0.13, 0.2, 0.13, 0.09, 0.2, 0.13, 0.18, 0.13, 0.13, 0.18, 0.13, 0.23, 0.13, 0.13, 0.16, 0.11, 0.2, 0.2, 0.11, 0.18, 0.09, 0.2, 0.2, 0.13, 0.18, 0.13, 0.2, 0.16, 0.13, 0.16, 0.11, 0.2, 0.18, 0.11, 0.18, 0.11, 0.07, 0.07, 0.07, 0.07, 0.05, 0.02, 0.07, 0.09, 0.07, 0.14, 0.09, 0.09, 0.09, 0.09, 0.09, 0.11, 0.11, 0.09, 0.09, 0.09, 0.09, 0.09, 0.09, 0.2, 0.18, 0.09, -0.05, -0.05, -0.02, 0.05, 0.09, 0.02, 0.07, 0.02, 0.09, 0.14, 0.16, 0.09, 0.07, 0.09, 0.11, 0.11, 0.11, 0.09, 0.09, 0.27, 0.27, 0.29, 0.52, 0.72, 0.91, 1.04, 1.09, 1.18, 1.2, 1.26, 1.36, 1.36, 1.45, 1.45, 1.54, 1.6, 1.63, 1.72, 1.72, 1.81, 1.85, 1.9, 1.99, 2.03, 2.08, 2.17, 2.26, 2.35, 2.35, 2.44, 2.48, 2.21, 2.08, 1.04, -0.18, -0.11, -0.18, -0.05, -0.09, -0.23, -0.07, -0.11, -0.07, -0.02, -0.09, -0.07, -0.11, -0.07, -0.09, -0.07, -0.11, -0.05, -0.02, -0.09, -0.07, -0.11, -0.09, -0.07, -0.11, -0.07, -0.05, -0.09, -0.07, -0.11, -0.11, -0.02, -0.09, -0.02, -0.14, -0.09, -0.02, -0.09, -0.02, 0.02, 0.05, 0.05, 0.05, 0.02, 0.02]
], 
[
[39.96, 40.5, 41.52, 43.05, 45.09, 47.65, 50.7, 53.84, 57.01, 60.25, 63.44, 66.65, 69.84, 73.05, 76.25, 79.45, 82.65, 85.85, 89.05, 92.25, 95.45, 98.65, 101.85, 105.05, 108.25, 111.45, 114.65, 117.85, 121.05, 124.25, 127.45, 130.65, 133.85, 137.05, 140.25, 143.45, 146.65, 149.85, 153.05, 156.25, 159.42, 162.1, 164.35, 166.11, 167.36, 168.1, 168.35, 168.42, 168.43, 168.58, 168.73, 168.89, 169.05, 169.21, 169.37, 169.53, 169.69, 169.85, 170.01, 170.17, 170.33, 170.49, 170.65, 170.81, 170.91, 170.91, 170.76, 170.09, 169.3, 168.94, 168.9, 168.99, 169.13, 169.29, 169.62, 169.78, 169.94, 170.1, 170.27, 170.43, 170.59, 170.75, 170.91, 171.07, 171.23, 171.39, 171.55, 171.7, 171.86, 172.02, 172.18, 172.35, 172.51, 172.67, 172.83, 172.99, 173.15, 173.31, 173.47, 173.63, 173.79, 173.95, 174.11, 174.27, 174.43, 174.59, 174.75, 174.91, 175.07, 175.23, 175.39, 175.55, 175.71, 175.87, 176.0, 176.01, 176.01, 175.74, 174.97, 173.69, 171.9, 169.6, 166.79, 163.62, 160.5, 157.26, 154.07, 150.86, 147.66, 144.46, 141.26, 138.06, 134.86, 131.66, 128.46, 125.26, 122.06, 118.86, 115.66, 112.46, 109.26, 106.06, 102.86, 99.66, 96.45, 93.26, 90.06, 86.86, 83.66, 80.46, 77.25, 74.06, 70.86, 67.65, 64.45, 61.26, 58.06, 54.86, 51.65, 48.52, 45.9, 43.7, 42.01, 40.15, 39.89], 
[0.16, 0.11, 0.13, 0.2, 0.09, 0.13, 0.13, 0.13, 0.23, 0.16, 0.06, 0.16, 0.11, 0.18, 0.13, 0.06, 0.16, 0.06, 0.16, 0.09, 0.09, 0.13, 0.07, 0.13, 0.11, 0.07, 0.11, 0.06, 0.18, 0.09, 0.09, 0.11, 0.09, 0.16, 0.13, 0.09, 0.13, 0.06, 0.16, 0.13, 0.09, 0.09, 0.07, -0.02, -0.02, -0.02, 0.02, 0.02, 0.09, 0.02, 0.05, 0.05, 0.05, 0.05, 0.02, 0.05, 0.05, 0.05, 0.05, 0.05, 0.05, 0.05, 0.07, 0.11, 0.09, 0.14, -0.18, -0.11, 0.06, -0.09, -0.09, 0.07, 0.09, 0.02, 0.05, 0.09, 0.05, 0.05, 0.05, 0.05, 0.07, 0.05, 0.11, 0.23, 0.23, 0.43, 0.65, 0.81, 0.92, 1.04, 1.2, 1.31, 1.4, 1.47, 1.49, 1.58, 1.58, 1.58, 1.58, 1.49, 1.44, 1.44, 1.49, 1.54, 1.58, 1.67, 1.74, 1.83, 1.85, 1.85, 1.78, 1.83, 1.76, 1.81, 2.55, 2.75, 2.73, 0.11, -0.07, -0.16, -0.16, -0.27, -0.14, -0.05, -0.07, -0.16, -0.11, -0.16, -0.14, -0.07, -0.18, -0.11, -0.16, -0.14, -0.07, -0.11, -0.07, -0.21, -0.14, -0.07, -0.16, -0.09, -0.2, -0.11, -0.07, -0.14, -0.05, -0.16, -0.11, -0.09, -0.14, -0.11, -0.16, -0.14, -0.07, -0.16, -0.09, -0.14, -0.14, -0.02, -0.05, -0.07, -0.02, 0.05, -0.05]
], 
[
[39.9, 39.96, 40.5, 41.52, 43.05, 45.09, 47.66, 50.71, 53.84, 57.02, 60.25, 63.43, 66.64, 69.84, 73.04, 76.25, 79.45, 82.65, 85.84, 89.04, 92.25, 95.45, 98.65, 101.84, 105.05, 108.25, 111.45, 114.65, 117.85, 121.05, 124.25, 127.45, 130.65, 133.84, 137.05, 140.25, 143.45, 146.65, 149.85, 153.05, 156.25, 159.42, 162.1, 164.34, 166.11, 167.36, 168.1, 168.34, 168.55, 168.69, 168.85, 169.01, 169.17, 169.49, 169.65, 169.81, 169.97, 170.13, 170.29, 170.45, 170.61, 170.77, 170.9, 170.91, 170.85, 170.3, 169.43, 169.07, 168.96, 168.9, 168.95, 169.09, 169.25, 169.58, 169.74, 169.9, 170.06, 170.23, 170.39, 170.55, 170.71, 170.87, 171.03, 171.19, 171.35, 171.51, 171.66, 171.82, 171.98, 172.15, 172.31, 172.47, 172.63, 172.79, 172.95, 173.11, 173.27, 173.43, 173.59, 173.75, 173.91, 174.07, 174.23, 174.39, 174.55, 174.71, 174.87, 175.03, 175.19, 175.35, 175.51, 175.67, 175.83, 175.99, 176.0, 175.86, 175.21, 174.06, 172.4, 170.23, 167.53, 164.42, 161.29, 158.08, 154.87, 151.67, 148.46, 145.26, 142.06, 138.86, 135.66, 132.46, 129.26, 126.06, 122.86, 119.66, 116.45, 113.26, 110.06, 106.86, 103.66, 100.46, 97.25, 94.06, 90.86, 87.65, 84.45, 81.26, 78.06, 74.86, 71.66, 68.46, 65.25, 62.06, 58.86, 55.65, 52.45, 49.26, 46.51, 44.21, 42.38, 41.07, 39.97, 39.89], 
[-0.05, 0.13, 0.09, 0.13, 0.2, 0.07, 0.13, 0.09, 0.09, 0.23, 0.09, 0.04, 0.13, 0.06, 0.11, 0.09, 0.06, 0.13, 0.06, 0.11, 0.06, 0.09, 0.11, 0.06, 0.11, 0.09, 0.02, 0.09, 0.04, 0.13, 0.09, 0.04, 0.09, 0.06, 0.13, 0.11, 0.09, 0.11, 0.04, 0.13, 0.11, 0.07, 0.02, 0.05, -0.05, -0.07, -0.07, -0.02, 0.05, 0.05, 0.02, 0.02, 0.02, 0.02, 0.05, 0.02, 0.02, 0.02, 0.02, 0.02, 0.02, 0.02, 0.06, 0.11, -0.16, -0.18, 0.02, -0.09, -0.14, -0.02, 0.09, 0.02, -0.02, 0.07, 0.02, 0.02, 0.02, 0.02, 0.02, 0.02, 0.02, 0.02, 0.2, 0.2, 0.29, 0.5, 0.65, 0.77, 0.88, 0.92, 0.97, 1.04, 1.15, 1.26, 1.36, 1.42, 1.42, 1.47, 1.49, 1.56, 1.56, 1.63, 1.63, 1.65, 1.74, 1.83, 1.92, 1.94, 2.01, 2.01, 2.08, 2.1, 2.14, 2.57, 3.21, 0.43, -0.14, -0.21, -0.25, -0.18, -0.23, -0.2, -0.16, -0.07, -0.16, -0.16, -0.07, -0.16, -0.14, -0.21, -0.11, -0.09, -0.16, -0.14, -0.2, -0.11, -0.07, -0.16, -0.09, -0.23, -0.14, -0.11, -0.18, -0.14, -0.21, -0.09, -0.07, -0.18, -0.09, -0.16, -0.14, -0.07, -0.16, -0.11, -0.14, -0.11, -0.09, -0.09, -0.11, -0.07, 0.02, -0.02, 0.02, -0.07]
]
]
)