#SAMPLE CURVES TO TEST INTERPOLATION:

Combo: "MP080", "a0215"
TARGET LENGTH: 101 101

#ORIG:
altezza = [-0.04, 0.49, 1.52, 3.04, 5.09, 7.66, 10.7, 13.84, 16.99, 20.29, 23.41, 26.64, 29.83, 33.04, 36.24, 39.44, 42.64, 45.84, 49.04, 52.24, 55.44, 58.64, 61.84, 65.04, 68.24, 71.44, 74.64, 77.84, 81.04, 84.25, 87.45, 90.64, 93.84, 97.04, 100.24, 103.45, 106.64, 109.84, 113.04, 116.25, 119.45, 122.64, 125.84, 129.05, 132.24, 135.44, 138.65, 141.84, 145.04, 148.25, 151.45, 154.64, 157.84, 160.81, 163.28, 165.29, 166.8, 167.79, 168.28, 168.39, 168.43, 168.52, 168.65, 168.81, 168.97, 169.13, 169.29, 169.45, 169.61, 169.77, 169.93, 170.09, 170.25, 170.41, 170.57, 170.73, 170.89, 170.91, 170.91, 170.48, 169.6, 169.13, 168.99, 168.91, 168.9, 168.9, 169.05, 169.2, 169.37, 169.54, 169.7, 169.86, 170.02, 170.19, 170.35, 170.51, 170.67, 170.83, 170.99, 171.15, 171.31, 171.47, 171.62, 171.78, 171.94, 172.1, 172.27, 172.43, 172.59, 172.75, 172.91, 173.07, 173.23, 173.39, 173.55, 173.71, 173.87, 174.03, 174.19, 174.35, 174.51, 174.67, 174.83, 174.99, 175.15, 175.31, 175.47, 175.63, 175.79, 175.95, 176.01, 176.01, 175.95, 175.42, 174.4, 172.87, 170.82, 168.26, 165.22, 162.07, 158.9, 155.65, 152.47, 149.25, 146.06, 142.86, 139.65, 133.26, 130.06, 126.85, 123.66, 120.45, 117.25, 114.06, 110.86, 107.65, 101.25, 94.85, 91.65, 88.45, 85.25, 82.06, 78.85, 75.65, 72.45, 69.25, 66.05, 62.85, 59.65, 56.45, 53.25, 50.05, 42.79, 41.35, 40.42, 39.99, 39.9, 39.88]

forza = [0.2, 0.18, 0.18, 0.23, 0.16, 0.18, 0.2, 0.2, 0.13, 0.09, 0.11, 0.16, 0.13, 0.18, 0.16, 0.16, 0.16, 0.13, 0.2, 0.13, 0.09, 0.2, 0.13, 0.18, 0.13, 0.13, 0.18, 0.13, 0.23, 0.13, 0.13, 0.16, 0.11, 0.2, 0.2, 0.11, 0.18, 0.09, 0.2, 0.2, 0.13, 0.18, 0.13, 0.2, 0.16, 0.13, 0.16, 0.11, 0.2, 0.18, 0.11, 0.18, 0.11, 0.07, 0.07, 0.07, 0.07, 0.05, 0.02, 0.07, 0.09, 0.07, 0.14, 0.09, 0.09, 0.09, 0.09, 0.09, 0.11, 0.11, 0.09, 0.09, 0.09, 0.09, 0.09, 0.09, 0.2, 0.18, 0.09, -0.05, -0.05, -0.02, 0.05, 0.09, 0.02, 0.07, 0.02, 0.09, 0.14, 0.16, 0.09, 0.07, 0.09, 0.11, 0.11, 0.11, 0.09, 0.09, 0.27, 0.27, 0.29, 0.52, 0.72, 0.91, 1.04, 1.09, 1.18, 1.2, 1.26, 1.36, 1.36, 1.45, 1.45, 1.54, 1.6, 1.63, 1.72, 1.72, 1.81, 1.85, 1.9, 1.99, 2.03, 2.08, 2.17, 2.26, 2.35, 2.35, 2.44, 2.48, 2.21, 2.08, 1.04, -0.18, -0.11, -0.18, -0.05, -0.09, -0.23, -0.07, -0.11, -0.07, -0.02, -0.09, -0.07, -0.11, -0.07, -0.09, -0.07, -0.11, -0.05, -0.02, -0.09, -0.07, -0.11, -0.09, -0.07, -0.11, -0.07, -0.05, -0.09, -0.07, -0.11, -0.11, -0.02, -0.09, -0.02, -0.14, -0.09, -0.02, -0.09, -0.02, 0.02, 0.05, 0.05, 0.05, 0.02, 0.02]


#TARGET:
tgt_altezza = [0, 1.75, 3.5, 5.25, 7.0, 8.75, 10.5, 12.25, 14.0, 15.75, 17.5, 19.25, 21.0, 22.75, 24.5, 26.25, 28.0, 29.75, 31.5, 33.25, 35.0, 36.75, 38.5, 40.25, 42.0, 43.75, 45.5, 47.25, 49.0, 50.75, 52.5, 54.25, 56.0, 57.75, 59.5, 61.25, 63.0, 64.75, 66.5, 68.25, 70.0, 71.75, 73.5, 75.25, 77.0, 78.75, 80.5, 82.25, 84.0, 85.75, 87.5, 89.25, 91.0, 92.75, 94.5, 96.25, 98.0, 99.75, 101.5, 103.25, 105.0, 106.75, 108.5, 110.25, 112.0, 113.75, 115.5, 117.25, 119.0, 120.75, 122.5, 124.25, 126.0, 127.75, 129.5, 131.25, 133.0, 134.75, 136.5, 138.25, 140.0, 141.75, 143.5, 145.25, 147.0, 148.75, 150.5, 152.25, 154.0, 155.75, 157.5, 159.25, 161.0, 162.75, 164.5, 166.25, 168.0, 169.75, 171.5, 173.25, 175.0]


#INTERPOLATED:
A) FRANK:
[0.2, 0.19, 0.21, 0.16, 0.17, 0.19, 0.2, 0.2, 0.2, 0.16, 0.12, 0.1, 0.09, 0.11, 0.13, 0.15, 0.15, 0.13, 0.16, 0.18, 0.17, 0.16, 0.16, 0.16, 0.16, 0.15, 0.13, 0.16, 0.2, 0.16, 0.13, 0.1, 0.11, 0.17, 0.18, 0.14, 0.15, 0.18, 0.16, 0.13, 0.13, 0.13, 0.16, 0.17, 0.14, 0.16, 0.21, 0.19, 0.14, 0.13, 0.13, 0.15, 0.15, 0.13, 0.13, 0.18, 0.2, 0.2, 0.16, 0.12, 0.14, 0.18, 0.13, 0.1, 0.16, 0.2, 0.2, 0.18, 0.14, 0.15, 0.18, 0.15, 0.13, 0.17, 0.19, 0.17, 0.15, 0.14, 0.14, 0.16, 0.14, 0.11, 0.16, 0.2, 0.19, 0.17, 0.13, 0.13, 0.17, 0.16, 0.12, 0.09, 0.07, 0.07, 0.07, 0.07, 0.04, 0.11, 0.56, 1.46, 2.09]

B) SCIPY:
[0.2, 0.19, 0.21, 0.16, 0.17, 0.19, 0.2, 0.2, 0.2, 0.16, 0.12, 0.1, 0.09, 0.11, 0.13, 0.15, 0.15, 0.13, 0.16, 0.18, 0.17, 0.16, 0.16, 0.16, 0.16, 0.15, 0.13, 0.16, 0.2, 0.16, 0.13, 0.1, 0.11, 0.17, 0.18, 0.14, 0.15, 0.18, 0.16, 0.13, 0.13, 0.13, 0.16, 0.17, 0.14, 0.16, 0.21, 0.19, 0.14, 0.13, 0.13, 0.15, 0.15, 0.13, 0.13, 0.18, 0.2, 0.2, 0.16, 0.12, 0.14, 0.18, 0.13, 0.1, 0.16, 0.2, 0.2, 0.18, 0.14, 0.15, 0.18, 0.15, 0.13, 0.17, 0.19, 0.17, 0.15, 0.14, 0.14, 0.16, 0.14, 0.11, 0.16, 0.2, 0.19, 0.17, 0.13, 0.13, 0.17, 0.16, 0.12, 0.09, 0.07, 0.07, 0.07, 0.07, 0.04, 0.1, 0.56, 1.46, 2.09]
